11111111111111111111111111    333333333              3333333        3333333333  3333333                   44444444
10000000000000000000000001    30000000333333333333333000003        3000000003  3000003  3333333333333    4000000444
10p00000000000000000000001333330333333300000000000003033303        3033333303  3033333  3000000000003    4444440404
1000000000000000000000000000000000000000333303333333303 303        303    303  303      3033333333303    4000000404       333
11111111113031111111111111333333333303333  303      303 30333333333303    303  303      303  333  303    4044444404       303
          303               300000000003   303    33333330000000000003    303  303      303  303  333    404    404       303
          303         333333303333333033   303    30000000333333333303    3033330333333330333303  303    404    4043333333303
          303         300000003     303    303    303333333        303    3000000000000000000003  303    404    4000000000003
          30333333333333333333333333303    303    303             330333333333333333333333333333333033   404    4043333333333
          30000000000000000000300000003    3033333303             300000000000000000000000000000000003   404    404
          33333333333333333330333333303    3000000003             333333333333333330333333333333333333   404444440444
4444444444444444444444444444404444444444444404444444444444444444444               303                    400000000004
4000000000000000000000000000000000000000000400000000000000000000004   333333333333303                    444444444404
4044444444444444444444044444444444444444440404444444444444444444444   300000000000003                             404
400000000000000040000000000000000000000004040404444404400000000004    3033333333333034444444444444444             404
444444444044440440444444444444444444444404040400044404004444444404    303         3000000000000000004             404
        400000000000000000000000000000000000000044440400404    40444444444444     3034444444444444404             404   4444444422
        404400040440444444404          44440440000000000404    40000000000004     303             404    444444444404   40000000w2
        40440444040044000000444444444     40440444444444404    40444444444404     303             404    400000000004   4044444422
        400004 4040444444440400000004     400004        404    404        404     303             404    404444444404   404
        440444 40404      40444444404     444444        404    404        404     303             404    404      404444404
         404   40004      404     404                   404444440444444444404     303     44444444404    404      404000004
         40444444444444444404    44044444444444         40000000000000000004      303     40000000004    404 44444404044444
         40000000000000000004    40000000000004         44444444444440444444444444404     40444444404    404 4000000404
         40444444440444444404    44444440444404                     40400000000000004     404     404    404 4044444404
         404444444404444444044444444444404  404                     40404444444444404     404     404    404 4000000404
         400000000000000000000000000000004  404                     40404000000000404     404     404444440444444440404
         44444444404444440444444444444404444404                     40404044444440404     444     40000000000004  40004
         40000000004    10111111111111400000004                     40404444444440404             44444444444404  44444
         40444444444    10100000000001444444444                     40400000000000404                        404
         404            10111111111101                              40444444444444404                        404
         40444          10111111111101                              40000000000000004                        404
         40004          10000000000001                              44444444444444444                        444
         44444          11111111111111
