11111111111111111111111111
10000000000000000000000001
10p00000000000000000000001
10000000000000000000000001
11111111113031111111111111
          303
          303
          303
          303333333333333333333
          300000000000000000003
          333333333333333333303
4444444444444444444444444444404444444444444444444444444444444444444
4000000000000000000000000000000000000000000400000000000000000000004
4044444444444444444444444444444444444444440404444444444444444444444
40000000000000004000000000000000000000000404040444
44444444404444044044444444444444444444440404040004
        4044440400404444444444444444444400000444044444444
        404400040440422444404          444404400000000004
        40440444040042w00000444444444     404404444444444
        400004 4040442244440400000004     400004
        440444 40404      40444444404     444444
         404   40004      404     404
         404    444       404    44044444444444
         404              404    40000000000004
         404              404    44444440444404
         404444444444444444044444444444404  404
         400000000000000000000000000000004  404
         44444444404444444444444444444404444404
         40000000004                  400000004
         40444444444                  444444444
         404
         40444
         40004
         44444